                                                                  
[38;2;149;107;100m	#***#**=***********#[38;2;108;68;61m+.[38;2;149;107;100m#**#####*#*[38;2;108;68;61m+[38;2;149;107;100m#*************%#[38;2;133;73;40m. ...
[38;2;149;107;100m	*=*#*==**#%%#%%%#*#%[38;2;108;68;61m -[38;2;149;107;100m#**%%%%%#%+[38;2;108;68;61m=*[38;2;149;107;100m%***#%%%%##+*###[38;2;133;73;40m: ..
[38;2;149;107;100m	=+##*.+##%%##*%*++#[38;2;108;68;61m+.+[38;2;149;107;100m#**%####*#*[38;2;108;68;61m--[38;2;149;107;100m%%+**#%%%%##+***#-[38;2;133;73;40m .
[38;2;149;107;100m	=**#=:####****+++*+[38;2;108;68;61m=*+[38;2;149;107;100m***#*****#*[38;2;108;68;61m--+[38;2;149;107;100m#*=*+*+**##*+#**#=[38;2;133;73;40m.
[38;2;149;107;100m	***#==#**+****#[38;2;108;68;61m+=[38;2;149;107;100m+[38;2;149;107;100m-%@[38;2;108;68;61m=*[38;2;149;107;100m*+********[38;2;108;68;61m:%=+[38;2;149;107;100m#++#**+++***+*+**:
[38;2;149;107;100m	****+*****#*+#[38;2;108;68;61m=-[38;2;254;243;236m=-%@@[38;2;108;68;61m++[38;2;149;107;100m*+******#*[38;2;108;68;61m:[38;2;254;243;236m@@-*#[38;2;149;107;100m++##****+****+* 
[38;2;149;107;100m	*****+****#+*[38;2;108;68;61m==[38;2;254;243;236m+*@@@@[38;2;108;68;61m*==[38;2;149;107;100m*+#****##[38;2;108;68;61m:[38;2;254;243;236m%@@-+#[38;2;149;107;100m*+##*##%#*##++-
[38;2;149;107;100m	+******##%*[38;2;108;68;61m===[38;2;254;243;236m=*@@@@@@[38;2;108;68;61m+:[38;2;149;107;100m++****+**[38;2;108;68;61m-#[38;2;254;243;236m@@@**[38;2;108;68;61m#--#[38;2;149;107;100m*+#@=:-++#=
[38;2;149;107;100m	*****+#*#[38;2;108;68;61m*.  :[38;2;254;243;236m.. .-+@@[38;2;108;68;61m#--[38;2;149;107;100m++##**+*[38;2;108;68;61m:*[38;2;254;243;236m@@@# .=. [38;2;108;68;61m:  :[38;2;149;107;100m%#-=.+#
[38;2;149;107;100m	+****##[38;2;108;68;61m+. [38;2;254;243;236m-@+.@@-++=@@[38;2;108;68;61m+-=-[38;2;149;107;100m*##**[38;2;108;68;61m+--[38;2;254;243;236m@@[38;2;176;25;64m+  @%+@[38;2;254;243;236m#=[38;2;108;68;61m  :[38;2;149;107;100m=*%+-=
[38;2;149;107;100m	***##[38;2;108;68;61m*-:.[38;2;149;107;100m:[38;2;254;243;236m@@:[38;2;176;25;64m  -+  %[38;2;254;243;236m@@@@[38;2;108;68;61m=+=:[38;2;149;107;100m*##*[38;2;108;68;61m++*[38;2;254;243;236m=[38;2;176;25;64m@.  =: =[38;2;254;243;236m@@[38;2;108;68;61m[38;2;108;68;61m+.-[38;2;149;107;100m-==+=:
[38;2;149;107;100m	*#*=[38;2;108;68;61m-:.[38;2;149;107;100m-[38;2;108;68;61m-[38;2;254;243;236m%@@[38;2;176;25;64m    .   [38;2;254;243;236m@@@@@[38;2;108;68;61m+#[38;2;254;243;236m*[38;2;108;68;61m:=[38;2;149;107;100m*#[38;2;108;68;61m+-[38;2;254;243;236m@#[38;2;176;25;64m+  :-   @[38;2;254;243;236m@@=[38;2;108;68;61m:[38;2;149;107;100m-+****
[38;2;149;107;100m	=[38;2;108;68;61m--[38;2;149;107;100m-=--[38;2;108;68;61m=+[38;2;254;243;236m%@[38;2;176;25;64m*  +@@*: #[38;2;254;243;236m@@@@@[38;2;108;68;61m#%[38;2;254;243;236m@[38;2;108;68;61m+-+[38;2;149;107;100m*[38;2;108;68;61m-+[38;2;254;243;236m@@[38;2;176;25;64m.=%@#- +[38;2;254;243;236m@@%[38;2;108;68;61m:[38;2;149;107;100m=***+*
[38;2;149;107;100m	+**###*[38;2;108;68;61m=-[38;2;254;243;236m@@@[38;2;176;25;64m+@@%%@#*@[38;2;254;243;236m@%@@@@[38;2;108;68;61m%[38;2;254;243;236m%@@[38;2;108;68;61m#++[38;2;149;107;100m[38;2;108;68;61m-*[38;2;254;243;236m@@[38;2;176;25;64m*%%@@#%[38;2;254;243;236m@@@[38;2;108;68;61m-[38;2;149;107;100m##****
[38;2;149;107;100m	#****##[38;2;108;68;61m*:[38;2;254;243;236m#@@@[38;2;176;25;64m@@%%%%[38;2;254;243;236m%@%@@@@@@@@@@@[38;2;108;68;61m%#[38;2;254;243;236m=*%@%[38;2;176;25;64m%#%@[38;2;254;243;236m@@@@[38;2;108;68;61m-[38;2;149;107;100m+#**+*
[38;2;149;107;100m	+#*****[38;2;108;68;61m*.[38;2;254;243;236m*@@@@[38;2;247;202;198m%%%@@@@@[38;2;254;243;236m%@%@%@%@%%@@@@%%%@%[38;2;247;202;198m@%@%%[38;2;254;243;236m@@[38;2;108;68;61m-[38;2;149;107;100m=#****
[38;2;149;107;100m	=+*****#[38;2;108;68;61m.[38;2;254;243;236m:@%%[38;2;247;202;198m#%%%%%%%%[38;2;254;243;236m@%@%@%@@@@@%@@@@@[38;2;247;202;198m%%%%###%[38;2;254;243;236m@[38;2;108;68;61m:[38;2;149;107;100m=#***+
[38;2;149;107;100m	++=+*#*#[38;2;108;68;61m+ [38;2;254;243;236m@@%[38;2;247;202;198m####%%%%%%[38;2;254;243;236m@%@@@%@@@%@%@%@[38;2;247;202;198m%@%%###%%[38;2;254;243;236m@[38;2;108;68;61m:[38;2;149;107;100m*****+
[38;2;149;107;100m	**+==+#*#[38;2;108;68;61m=+[38;2;254;243;236m@@%[38;2;247;202;198m%%%%%%%%[38;2;254;243;236m@%@%@%@@@[38;2;144;98;69m*[38;2;254;243;236m@@@%@@@%[38;2;247;202;198m@%%%%%@[38;2;254;243;236m#[38;2;108;68;61m=[38;2;149;107;100m*#++=+
[38;2;108;68;61m	+[38;2;149;107;100m+*#+-=++=[38;2;108;68;61m-*[38;2;254;243;236m@@@@@@@@@@%@%@%@@#[38;2;144;98;69m*+*[38;2;254;243;236m@@@@@%@@@@@@@@[38;2;108;68;61m+-[38;2;149;107;100m==-++=
[38;2;108;68;61m	-+[38;2;149;107;100m++#+=++= [38;2;108;68;61m:+[38;2;254;243;236m#@@@@@@@@@%@@@%@@@@@@@@@%@%@@@@@@[38;2;108;68;61m*-:[38;2;149;107;100m*++*+-
[38;2;108;68;61m	 -+[38;2;149;107;100m=++==+#+.[38;2;108;68;61m -=++**[38;2;254;243;236m%%@%@%@%@%@@@@@%@%@%@@@%##[38;2;108;68;61m=  [38;2;149;107;100m**===+:
[38;2;149;107;100m	:[38;2;108;68;61m.-+[38;2;149;107;100m=--+==**.[38;2;108;68;61m.[38;2;254;243;236m@@%%@@@@@@@%@%@%@%@%@@@@@@@@@@[38;2;108;68;61m+  =[38;2;149;107;100m*=+:+-+
[38;2;149;107;100m	:-[38;2;108;68;61m:-+[38;2;149;107;100m+--=++++=[38;2;108;68;61m=#[38;2;254;243;236m@@@@@@@@@@%@%@%@%@@@@@@@@[38;2;108;68;61m*=. -[38;2;149;107;100m+*+=:+=-*
[38;2;149;107;100m	:-=[38;2;108;68;61m.:=[38;2;149;107;100m++-.-====:[38;2;108;68;61m--:[38;2;254;243;236m:*%%%@@@@@@@@@@@@%[38;2;108;68;61m*+-. ...[38;2;149;107;100m-+-..----=
[38;2;149;107;100m	:-=[38;2;108;68;61m  :=[38;2;149;107;100m--=-==++==[38;2;108;68;61m==-[38;2;242;189;180m#%#####%%%%%[38;2;108;68;61m*+--::-=:--- :[38;2;149;107;100m+=.:.+*+*[0m
