                                                                  
[38;2;208;168;136m	#***#**=***********#[38;2;156;106;71m+.[38;2;208;168;136m#**#####*#*[38;2;156;106;71m+[38;2;208;168;136m#*************%#[38;2;133;73;40m. ...
[38;2;208;168;136m	*=*#*==**#%%#%%%#*#%[38;2;156;106;71m -[38;2;208;168;136m#**%%%%%#%+[38;2;156;106;71m=*[38;2;208;168;136m%***#%%%%##+*###[38;2;133;73;40m: .. 
[38;2;208;168;136m	=+##*.+##%%##*%*++#[38;2;156;106;71m+.+[38;2;208;168;136m#**%####*#*[38;2;156;106;71m--[38;2;208;168;136m%%+**#%%%%##+***#-[38;2;133;73;40m . 
[38;2;208;168;136m	=**#=:####****+++*+[38;2;156;106;71m=*+[38;2;208;168;136m***#*****#*[38;2;156;106;71m--+[38;2;208;168;136m#*=*+*+**##*+#**#=[38;2;133;73;40m. 
[38;2;208;168;136m	***#==#**+****#[38;2;156;106;71m+=[38;2;208;168;136m+[38;2;208;168;136m-%@[38;2;156;106;71m=*[38;2;208;168;136m*+********[38;2;156;106;71m:%=+[38;2;208;168;136m#++#**+++***+*+**:
[38;2;208;168;136m	****+*****#*+#[38;2;156;106;71m=-[38;2;255;238;229m=-%@@[38;2;156;106;71m++[38;2;208;168;136m*+******#*[38;2;156;106;71m:[38;2;255;238;229m@@-*#[38;2;208;168;136m++##****+****+* 
[38;2;208;168;136m	*****+****#+*[38;2;156;106;71m==[38;2;255;238;229m+*@@@@[38;2;156;106;71m*==[38;2;208;168;136m*+#****##[38;2;156;106;71m:[38;2;255;238;229m%@@-+#[38;2;208;168;136m*+##*##%#*##++-
[38;2;208;168;136m	+******##%*[38;2;156;106;71m===[38;2;255;238;229m=*@@@@@@[38;2;156;106;71m+:[38;2;208;168;136m++****+**[38;2;156;106;71m-#[38;2;255;238;229m@@@**[38;2;156;106;71m#--#[38;2;208;168;136m*+#@=:-++#=
[38;2;208;168;136m	*****+#*#[38;2;156;106;71m*.  :[38;2;255;238;229m.. .-+@@[38;2;156;106;71m#--[38;2;208;168;136m++##**+*[38;2;156;106;71m:*[38;2;255;238;229m@@@# .=. [38;2;156;106;71m:  :[38;2;208;168;136m%#-=.+#
[38;2;208;168;136m	+****##[38;2;156;106;71m+. [38;2;255;238;229m-@+.@@-++=@@[38;2;156;106;71m+-=-[38;2;208;168;136m*##**[38;2;156;106;71m+--[38;2;255;238;229m@@[38;2;182;242;237m+  @%+@[38;2;255;238;229m#=[38;2;156;106;71m  :[38;2;208;168;136m=*%+-=
[38;2;208;168;136m	***##[38;2;156;106;71m*-:.[38;2;208;168;136m:[38;2;255;238;229m@@:[38;2;182;242;237m  -+  %[38;2;255;238;229m@@@@[38;2;156;106;71m=+=:[38;2;208;168;136m*##*[38;2;156;106;71m++*[38;2;255;238;229m=[38;2;182;242;237m@.  =: =[38;2;255;238;229m@@[38;2;156;106;71m[38;2;156;106;71m+.-[38;2;208;168;136m-==+=:
[38;2;208;168;136m	*#*=[38;2;156;106;71m-:.[38;2;208;168;136m-[38;2;156;106;71m-[38;2;255;238;229m%@@[38;2;182;242;237m    .   [38;2;255;238;229m@@@@@[38;2;156;106;71m+#[38;2;255;238;229m*[38;2;156;106;71m:=[38;2;208;168;136m*#[38;2;156;106;71m+-[38;2;255;238;229m@#[38;2;182;242;237m+  :-   @[38;2;255;238;229m@@=[38;2;156;106;71m:[38;2;208;168;136m-+****
[38;2;208;168;136m	=[38;2;156;106;71m--[38;2;208;168;136m-=--[38;2;156;106;71m=+[38;2;255;238;229m%@[38;2;182;242;237m*  +@@*: #[38;2;255;238;229m@@@@@[38;2;156;106;71m#%[38;2;255;238;229m@[38;2;156;106;71m+-+[38;2;208;168;136m*[38;2;156;106;71m-+[38;2;255;238;229m@@[38;2;182;242;237m.=%@#- +[38;2;255;238;229m@@%[38;2;156;106;71m:[38;2;208;168;136m=***+*
[38;2;208;168;136m	+**###*[38;2;156;106;71m=-[38;2;255;238;229m@@@[38;2;182;242;237m+@@%%@#*@[38;2;255;238;229m@%@@@@[38;2;156;106;71m%[38;2;255;238;229m%@@[38;2;156;106;71m#++[38;2;208;168;136m[38;2;156;106;71m-*[38;2;255;238;229m@@[38;2;182;242;237m*%%@@#%[38;2;255;238;229m@@@[38;2;156;106;71m-[38;2;208;168;136m##****
[38;2;208;168;136m	#****##[38;2;156;106;71m*:[38;2;255;238;229m#@@@[38;2;182;242;237m@@%%%%[38;2;255;238;229m%@%@@@@@@@@@@@[38;2;156;106;71m%#[38;2;255;238;229m=*%@%[38;2;182;242;237m%#%@[38;2;255;238;229m@@@@[38;2;156;106;71m-[38;2;208;168;136m+#**+*
[38;2;208;168;136m	+#*****[38;2;156;106;71m*.[38;2;255;238;229m*@@@@[38;2;247;202;198m%%%@@@@@[38;2;255;238;229m%@%@%@%@%%@@@@%%%@%[38;2;247;202;198m@%@%%[38;2;255;238;229m@@[38;2;156;106;71m-[38;2;208;168;136m=#****
[38;2;208;168;136m	=+*****#[38;2;156;106;71m.[38;2;255;238;229m:@%%[38;2;247;202;198m#%%%%%%%%[38;2;255;238;229m@%@%@%@@@@@%@@@@@[38;2;247;202;198m%%%%###%[38;2;255;238;229m@[38;2;156;106;71m:[38;2;208;168;136m=#***+
[38;2;208;168;136m	++=+*#*#[38;2;156;106;71m+ [38;2;255;238;229m@@%[38;2;247;202;198m####%%%%%%[38;2;255;238;229m@%@@@%@@@%@%@%@[38;2;247;202;198m%@%%###%%[38;2;255;238;229m@[38;2;156;106;71m:[38;2;208;168;136m*****+
[38;2;208;168;136m	**+==+#*#[38;2;156;106;71m=+[38;2;255;238;229m@@%[38;2;247;202;198m%%%%%%%%[38;2;255;238;229m@%@%@%@@@[38;2;144;98;69m*[38;2;255;238;229m@@@%@@@%[38;2;247;202;198m@%%%%%@[38;2;255;238;229m#[38;2;156;106;71m=[38;2;208;168;136m*#++=+
[38;2;156;106;71m	+[38;2;208;168;136m+*#+-=++=[38;2;156;106;71m-*[38;2;255;238;229m@@@@@@@@@@%@%@%@@#[38;2;144;98;69m*+*[38;2;255;238;229m@@@@@%@@@@@@@@[38;2;156;106;71m+-[38;2;208;168;136m==-++=
[38;2;156;106;71m	-+[38;2;208;168;136m++#+=++= [38;2;156;106;71m:+[38;2;255;238;229m#@@@@@@@@@%@@@%@@@@@@@@@%@%@@@@@@[38;2;156;106;71m*-:[38;2;208;168;136m*++*+-
[38;2;156;106;71m	 -+[38;2;208;168;136m=++==+#+.[38;2;156;106;71m -=++**[38;2;255;238;229m%%@%@%@%@%@@@@@%@%@%@@@%##[38;2;156;106;71m=  [38;2;208;168;136m**===+:
[38;2;208;168;136m	:[38;2;156;106;71m.-+[38;2;208;168;136m=--+==**.[38;2;156;106;71m.[38;2;255;238;229m@@%%@@@@@@@%@%@%@%@%@@@@@@@@@@[38;2;156;106;71m+  =[38;2;208;168;136m*=+:+-+
[38;2;208;168;136m	:-[38;2;156;106;71m:-+[38;2;208;168;136m+--=++++=[38;2;156;106;71m=#[38;2;255;238;229m@@@@@@@@@@%@%@%@%@@@@@@@@[38;2;156;106;71m*=. -[38;2;208;168;136m+*+=:+=-*
[38;2;208;168;136m	:-=[38;2;156;106;71m.:=[38;2;208;168;136m++-.-====:[38;2;156;106;71m--:[38;2;255;238;229m:*%%%@@@@@@@@@@@@%[38;2;156;106;71m*+-. ...[38;2;208;168;136m-+-..----=
[38;2;208;168;136m	:-=[38;2;156;106;71m  :=[38;2;208;168;136m--=-==++==[38;2;156;106;71m==-[38;2;242;189;180m#%#####%%%%%[38;2;156;106;71m*+--::-=:--- :[38;2;208;168;136m+=.:.+*+*[0m
